8 22848514224010350
1 22848768034445169
1 22849106911344054
1 22849326068236259
-8 22849514204046365
1 22849731738382742
1 22849769848122992
1 22849896520291676
8 22850514224128769
1 22850527084791735
1 22851172160884820
1 22851172761736375
1 22851224034642427
1 22851333246585231
1 22851377240882894
1 22851377240910861
1 22851477066814167
-8 22851514204163024
8 22852514224246563
1 22852688353278113
1 22852688353306165
1 22853137307462705
1 22853443069131634
-8 22853514204280610
1 22853588452794383
1 22853639012686494
1 22853870441695021
1 22853898890340918
1 22854153707935794
1 22854153707963723
1 22854179272771913
1 22854281565180896
1 22854343678121908
1 22854343678150277
8 22854514224365705
-8 22855514204398957
1 22855590081895842
1 22856013152833750
1 22856251256802838
1 22856251256830909
8 22856514224483676
1 22856635637122929
1 22856803814506756
1 22856803814534536
1 22857041774760978
1 22857251030011171
1 22857440829967289
1 22857440829995507
1 22857489994845245
1 22857505511094348
-8 22857514204518414
1 22857544612308606
1 22857623858927353
1 22857623858955381
1 22857766492206855
1 22857766492234618
1 22857899290737707
1 22858001453058995
1 22858061008630557
1 22858061008658315
1 22858122321248097
1 22858122321276069
8 22858514224600693
1 22859092147749317
1 22859092147777247
-8 22859514204633759
1 22859730857240793
1 22859732286809150
1 22859734906909338
1 22859850382436713
1 22860002212434387
1 22860053703673116
1 22860270375650968
1 22860445613151895
1 22860445613179345
8 22860514224719312
1 22860651151653384
1 22860719280239669
1 22860801813474020
1 22860801813501607
1 22861022675199991
1 22861022675227882
1 22861048976414861
1 22861338305845011
1 22861338305872597
1 22861423393664689
-8 22861514204753863
1 22861679655720605
1 22862045351219579
1 22862117981437717
1 22862250099153369
1 22862482579251232
1 22862482579279009
8 22862514224837673
1 22862684351505021
1 22862799396076654
1 22862799396104428
1 22862901049641388
1 22863341519927137
-8 22863514204873709
1 22863655798250268
1 22863722167812301
1 22863831445445960
1 22864195245166754
1 22864330861303903
1 22864330861331795
8 22864514224955961
1 22864651189178423
1 22864651189206281
1 22864697270038013
1 22864721703571305
1 22865463976951411
1 22865509898859179
-8 22865514204990694
1 22865517429805378
1 22865877773967269
1 22865877773995093
1 22865879005054207
1 22865962725956533
1 22865962725985443
1 22866045329967850
1 22866104881336704
1 22866104881364989
1 22866243469840163
1 22866409677233266
8 22866514225073249
1 22866525461568408
1 22866716066347353
1 22866827656868634
1 22867045794934393
-8 22867514205109072
1 22867530721483799
