0.000000000000000000e+00
5.002501250625313034e-01
1.000500250125062607e+00
1.500750375187593910e+00
2.001000500250125214e+00
2.501250625312656073e+00
3.001500750375187820e+00
3.501750875437718680e+00
4.002001000500250427e+00
4.502251125562781731e+00
5.002501250625312146e+00
5.502751375687843449e+00
6.003001500750375641e+00
6.503251625812906056e+00
7.003501750875437359e+00
7.503751875937968663e+00
8.004002001000500854e+00
8.504252126063031270e+00
9.004502251125563461e+00
9.504752376188092100e+00
1.000500250125062429e+01
1.050525262631315648e+01
1.100550275137568690e+01
1.150575287643821909e+01
1.200600300150075128e+01
1.250625312656327992e+01
1.300650325162581211e+01
1.350675337668834430e+01
1.400700350175087472e+01
1.450725362681340691e+01
1.500750375187593733e+01
1.550775387693846774e+01
1.600800400200100171e+01
1.650825412706353035e+01
1.700850425212606254e+01
1.750875437718859473e+01
1.800900450225112692e+01
1.850925462731365911e+01
1.900950475237618420e+01
1.950975487743871639e+01
2.001000500250124858e+01
2.051025512756378077e+01
2.101050525262631297e+01
2.151075537768884516e+01
2.201100550275137380e+01
2.251125562781390599e+01
2.301150575287643818e+01
2.351175587793897037e+01
2.401200600300150256e+01
2.451225612806403120e+01
2.501250625312655984e+01
2.551275637818909203e+01
2.601300650325162422e+01
2.651325662831415642e+01
2.701350675337668861e+01
2.751375687843922080e+01
2.801400700350174944e+01
2.851425712856428163e+01
2.901450725362681382e+01
2.951475737868934601e+01
3.001500750375187465e+01
3.051525762881440684e+01
3.101550775387693548e+01
3.151575787893946767e+01
3.201600800400200342e+01
3.251625812906453206e+01
3.301650825412706070e+01
3.351675837918959644e+01
3.401700850425212508e+01
3.451725862931466082e+01
3.501750875437718946e+01
3.551775887943971810e+01
3.601800900450225384e+01
3.651825912956478248e+01
3.701850925462731823e+01
3.751875937968984687e+01
3.801900950475236840e+01
3.851925962981490414e+01
3.901950975487743278e+01
3.951975987993996853e+01
4.002001000500249717e+01
4.052026013006503291e+01
4.102051025512756155e+01
4.152076038019009019e+01
4.202101050525262593e+01
4.252126063031515457e+01
4.302151075537769032e+01
4.352176088044021895e+01
4.402201100550274759e+01
4.452226113056528334e+01
4.502251125562781198e+01
4.552276138069034772e+01
4.602301150575287636e+01
4.652326163081541210e+01
4.702351175587794074e+01
4.752376188094046938e+01
4.802401200600300513e+01
4.852426213106553377e+01
4.902451225612806240e+01
4.952476238119059104e+01
5.002501250625311968e+01
5.052526263131565543e+01
5.102551275637818406e+01
5.152576288144071981e+01
5.202601300650324845e+01
5.252626313156577709e+01
5.302651325662831283e+01
5.352676338169084147e+01
5.402701350675337721e+01
5.452726363181590585e+01
5.502751375687844160e+01
5.552776388194097024e+01
5.602801400700349888e+01
5.652826413206603462e+01
5.702851425712856326e+01
5.752876438219109900e+01
5.802901450725362764e+01
5.852926463231615628e+01
5.902951475737869202e+01
5.952976488244122066e+01
6.003001500750374930e+01
6.053026513256627794e+01
6.103051525762881369e+01
6.153076538269134232e+01
6.203101550775387096e+01
6.253126563281640671e+01
6.303151575787893535e+01
6.353176588294147109e+01
6.403201600800400684e+01
6.453226613306652837e+01
6.503251625812906411e+01
6.553276638319158565e+01
6.603301650825412139e+01
6.653326663331665713e+01
6.703351675837919288e+01
6.753376688344171441e+01
6.803401700850425016e+01
6.853426713356678590e+01
6.903451725862932165e+01
6.953476738369184318e+01
7.003501750875437892e+01
7.053526763381691467e+01
7.103551775887943620e+01
7.153576788394197195e+01
7.203601800900450769e+01
7.253626813406704343e+01
7.303651825912956497e+01
7.353676838419210071e+01
7.403701850925463646e+01
7.453726863431715799e+01
7.503751875937969373e+01
7.553776888444222948e+01
7.603801900950473680e+01
7.653826913456727254e+01
7.703851925962980829e+01
7.753876938469234403e+01
7.803901950975486557e+01
7.853926963481740131e+01
7.903951975987993706e+01
7.953976988494245859e+01
8.004002001000499433e+01
8.054027013506753008e+01
8.104052026013006582e+01
8.154077038519258736e+01
8.204102051025512310e+01
8.254127063531765884e+01
8.304152076038018038e+01
8.354177088544271612e+01
8.404202101050525187e+01
8.454227113556777340e+01
8.504252126063030914e+01
8.554277138569284489e+01
8.604302151075538063e+01
8.654327163581790217e+01
8.704352176088043791e+01
8.754377188594297365e+01
8.804402201100549519e+01
8.854427213606803093e+01
8.904452226113056668e+01
8.954477238619310242e+01
9.004502251125562395e+01
9.054527263631815970e+01
9.104552276138069544e+01
9.154577288644321698e+01
9.204602301150575272e+01
9.254627313656828846e+01
9.304652326163082421e+01
9.354677338669334574e+01
9.404702351175588149e+01
9.454727363681841723e+01
9.504752376188093876e+01
9.554777388694347451e+01
9.604802401200601025e+01
9.654827413706853179e+01
9.704852426213106753e+01
9.754877438719360327e+01
9.804902451225612481e+01
9.854927463731864634e+01
9.904952476238118209e+01
9.954977488744371783e+01
1.000500250125062394e+02
1.005502751375687751e+02
1.010505252626313109e+02
1.015507753876938466e+02
1.020510255127563681e+02
1.025512756378189039e+02
1.030515257628814396e+02
1.035517758879439612e+02
1.040520260130064969e+02
1.045522761380690326e+02
1.050525262631315542e+02
1.055527763881940899e+02
1.060530265132566257e+02
1.065532766383191614e+02
1.070535267633816829e+02
1.075537768884442187e+02
1.080540270135067544e+02
1.085542771385692760e+02
1.090545272636318117e+02
1.095547773886943475e+02
1.100550275137568832e+02
1.105552776388194047e+02
1.110555277638819405e+02
1.115557778889444762e+02
1.120560280140069978e+02
1.125562781390695335e+02
1.130565282641320692e+02
1.135567783891945908e+02
1.140570285142571265e+02
1.145572786393196623e+02
1.150575287643821980e+02
1.155577788894447195e+02
1.160580290145072553e+02
1.165582791395697910e+02
1.170585292646323126e+02
1.175587793896948483e+02
1.180590295147573840e+02
1.185592796398199198e+02
1.190595297648824413e+02
1.195597798899449629e+02
1.200600300150074986e+02
1.205602801400700201e+02
1.210605302651325559e+02
1.215607803901950916e+02
1.220610305152576274e+02
1.225612806403201489e+02
1.230615307653826846e+02
1.235617808904452204e+02
1.240620310155077419e+02
1.245622811405702777e+02
1.250625312656328134e+02
1.255627813906953349e+02
1.260630315157578707e+02
1.265632816408204064e+02
1.270635317658829422e+02
1.275637818909454637e+02
1.280640320160080137e+02
1.285642821410705494e+02
1.290645322661330567e+02
1.295647823911955925e+02
1.300650325162581282e+02
1.305652826413206640e+02
1.310655327663831713e+02
1.315657828914457070e+02
1.320660330165082428e+02
1.325662831415707785e+02
1.330665332666333143e+02
1.335667833916958500e+02
1.340670335167583858e+02
1.345672836418209215e+02
1.350675337668834288e+02
1.355677838919459646e+02
1.360680340170085003e+02
1.365682841420710361e+02
1.370685342671335718e+02
1.375687843921961075e+02
1.380690345172586433e+02
1.385692846423211506e+02
1.390695347673836864e+02
1.395697848924462221e+02
1.400700350175087578e+02
1.405702851425712936e+02
1.410705352676338293e+02
1.415707853926963651e+02
1.420710355177588724e+02
1.425712856428214081e+02
1.430715357678839439e+02
1.435717858929464796e+02
1.440720360180090154e+02
1.445722861430715511e+02
1.450725362681340869e+02
1.455727863931965942e+02
1.460730365182591299e+02
1.465732866433216657e+02
1.470735367683842014e+02
1.475737868934467372e+02
1.480740370185092729e+02
1.485742871435717802e+02
1.490745372686343160e+02
1.495747873936968517e+02
1.500750375187593875e+02
1.505752876438219232e+02
1.510755377688844590e+02
1.515757878939469947e+02
1.520760380190094736e+02
1.525762881440720093e+02
1.530765382691345451e+02
1.535767883941970808e+02
1.540770385192596166e+02
1.545772886443221523e+02
1.550775387693846881e+02
1.555777888944471954e+02
1.560780390195097311e+02
1.565782891445722669e+02
1.570785392696348026e+02
1.575787893946973384e+02
1.580790395197598741e+02
1.585792896448224099e+02
1.590795397698849172e+02
1.595797898949474529e+02
1.600800400200099887e+02
1.605802901450725244e+02
1.610805402701350602e+02
1.615807903951975959e+02
1.620810405202601316e+02
1.625812906453226390e+02
1.630815407703851747e+02
1.635817908954477105e+02
1.640820410205102462e+02
1.645822911455727819e+02
1.650825412706353177e+02
1.655827913956978534e+02
1.660830415207603608e+02
1.665832916458228965e+02
1.670835417708854322e+02
1.675837918959479680e+02
1.680840420210105037e+02
1.685842921460730395e+02
1.690845422711355468e+02
1.695847923961980825e+02
1.700850425212606183e+02
1.705852926463231540e+02
1.710855427713856898e+02
1.715857928964482255e+02
1.720860430215107613e+02
1.725862931465732686e+02
1.730865432716358043e+02
1.735867933966983401e+02
1.740870435217608758e+02
1.745872936468234116e+02
1.750875437718859473e+02
1.755877938969484831e+02
1.760880440220109904e+02
1.765882941470735261e+02
1.770885442721360619e+02
1.775887943971985976e+02
1.780890445222611334e+02
1.785892946473236691e+02
1.790895447723862048e+02
1.795897948974487122e+02
1.800900450225112479e+02
1.805902951475737837e+02
1.810905452726363194e+02
1.815907953976988551e+02
1.820910455227613909e+02
1.825912956478239266e+02
1.830915457728864340e+02
1.835917958979489697e+02
1.840920460230115054e+02
1.845922961480740412e+02
1.850925462731365769e+02
1.855927963981991127e+02
1.860930465232616484e+02
1.865932966483241557e+02
1.870935467733866915e+02
1.875937968984492272e+02
1.880940470235117630e+02
1.885942971485742987e+02
1.890945472736368345e+02
1.895947973986993418e+02
1.900950475237618775e+02
1.905952976488244133e+02
1.910955477738869490e+02
1.915957978989494848e+02
1.920960480240120205e+02
1.925962981490745562e+02
1.930965482741370636e+02
1.935967983991995993e+02
1.940970485242621351e+02
1.945972986493246708e+02
1.950975487743872065e+02
1.955977988994497423e+02
1.960980490245122496e+02
1.965982991495747569e+02
1.970985492746372927e+02
1.975987993996998284e+02
1.980990495247623642e+02
1.985992996498248999e+02
1.990995497748874357e+02
1.995997998999499714e+02
2.001000500250124787e+02
2.006003001500750145e+02
2.011005502751375502e+02
2.016008004002000860e+02
2.021010505252626217e+02
2.026013006503251574e+02
2.031015507753876932e+02
2.036018009004502005e+02
2.041020510255127363e+02
2.046023011505752720e+02
2.051025512756378077e+02
2.056028014007003435e+02
2.061030515257628792e+02
2.066033016508254150e+02
2.071035517758879223e+02
2.076038019009504580e+02
2.081040520260129938e+02
2.086043021510755295e+02
2.091045522761380653e+02
2.096048024012006010e+02
2.101050525262631083e+02
2.106053026513256441e+02
2.111055527763881798e+02
2.116058029014507156e+02
2.121060530265132513e+02
2.126063031515757871e+02
2.131065532766383228e+02
2.136068034017008301e+02
2.141070535267633659e+02
2.146073036518259016e+02
2.151075537768884374e+02
2.156078039019509731e+02
2.161080540270135089e+02
2.166083041520760446e+02
2.171085542771385519e+02
2.176088044022010877e+02
2.181090545272636234e+02
2.186093046523261592e+02
2.191095547773886949e+02
2.196098049024512306e+02
2.201100550275137664e+02
2.206103051525762737e+02
2.211105552776388095e+02
2.216108054027013452e+02
2.221110555277638809e+02
2.226113056528264167e+02
2.231115557778889524e+02
2.236118059029514882e+02
2.241120560280139955e+02
2.246123061530765312e+02
2.251125562781390670e+02
2.256128064032016027e+02
2.261130565282641385e+02
2.266133066533266742e+02
2.271135567783891815e+02
2.276138069034517173e+02
2.281140570285142530e+02
2.286143071535767888e+02
2.291145572786393245e+02
2.296148074037018603e+02
2.301150575287643960e+02
2.306153076538269033e+02
2.311155577788894391e+02
2.316158079039519748e+02
2.321160580290145106e+02
2.326163081540770463e+02
2.331165582791395821e+02
2.336168084042021178e+02
2.341170585292646251e+02
2.346173086543271609e+02
2.351175587793896966e+02
2.356178089044522324e+02
2.361180590295147681e+02
2.366183091545773038e+02
2.371185592796398396e+02
2.376188094047023469e+02
2.381190595297648827e+02
2.386193096548274184e+02
2.391195597798899257e+02
2.396198099049524615e+02
2.401200600300149972e+02
2.406203101550775330e+02
2.411205602801400403e+02
2.416208104052025760e+02
2.421210605302651118e+02
2.426213106553276475e+02
2.431215607803901833e+02
2.436218109054527190e+02
2.441220610305152547e+02
2.446223111555777621e+02
2.451225612806402978e+02
2.456228114057028336e+02
2.461230615307653693e+02
2.466233116558279050e+02
2.471235617808904408e+02
2.476238119059529481e+02
2.481240620310154839e+02
2.486243121560780196e+02
2.491245622811405553e+02
2.496248124062030911e+02
2.501250625312656268e+02
2.506253126563281626e+02
2.511255627813906699e+02
2.516258129064532056e+02
2.521260630315157414e+02
2.526263131565782771e+02
2.531265632816408129e+02
2.536268134067033486e+02
2.541270635317658844e+02
2.546273136568283917e+02
2.551275637818909274e+02
2.556278139069534632e+02
2.561280640320160273e+02
2.566283141570785347e+02
2.571285642821410988e+02
2.576288144072036062e+02
2.581290645322661135e+02
2.586293146573286776e+02
2.591295647823911850e+02
2.596298149074537491e+02
2.601300650325162565e+02
2.606303151575788206e+02
2.611305652826413279e+02
2.616308154077038353e+02
2.621310655327663426e+02
2.626313156578289068e+02
2.631315657828914141e+02
2.636318159079539214e+02
2.641320660330164856e+02
2.646323161580789929e+02
2.651325662831415571e+02
2.656328164082040644e+02
2.661330665332666285e+02
2.666333166583291359e+02
2.671335667833917000e+02
2.676338169084542074e+02
2.681340670335167715e+02
2.686343171585792788e+02
2.691345672836418430e+02
2.696348174087043503e+02
2.701350675337668577e+02
2.706353176588293650e+02
2.711355677838919291e+02
2.716358179089544365e+02
2.721360680340170006e+02
2.726363181590795080e+02
2.731365682841420721e+02
2.736368184092045794e+02
2.741370685342671436e+02
2.746373186593296509e+02
2.751375687843922151e+02
2.756378189094547224e+02
2.761380690345172866e+02
2.766383191595797371e+02
2.771385692846423012e+02
2.776388194097048085e+02
2.781390695347673727e+02
2.786393196598298800e+02
2.791395697848924442e+02
2.796398199099549515e+02
2.801400700350175157e+02
2.806403201600800230e+02
2.811405702851425872e+02
2.816408204102050945e+02
2.821410705352676587e+02
2.826413206603301660e+02
2.831415707853927302e+02
2.836418209104551806e+02
2.841420710355177448e+02
2.846423211605802521e+02
2.851425712856428163e+02
2.856428214107053236e+02
2.861430715357678878e+02
2.866433216608303951e+02
2.871435717858929593e+02
2.876438219109554666e+02
2.881440720360180308e+02
2.886443221610805381e+02
2.891445722861431022e+02
2.896448224112056096e+02
2.901450725362681737e+02
2.906453226613306242e+02
2.911455727863931884e+02
2.916458229114556957e+02
2.921460730365182599e+02
2.926463231615807672e+02
2.931465732866433314e+02
2.936468234117058387e+02
2.941470735367684028e+02
2.946473236618309102e+02
2.951475737868934743e+02
2.956478239119559817e+02
2.961480740370185458e+02
2.966483241620810531e+02
2.971485742871435605e+02
2.976488244122060678e+02
2.981490745372686320e+02
2.986493246623311393e+02
2.991495747873937034e+02
2.996498249124562108e+02
3.001500750375187749e+02
3.006503251625812823e+02
3.011505752876438464e+02
3.016508254127063537e+02
3.021510755377689179e+02
3.026513256628314252e+02
3.031515757878939894e+02
3.036518259129564967e+02
3.041520760380189472e+02
3.046523261630815114e+02
3.051525762881440187e+02
3.056528264132065829e+02
3.061530765382690902e+02
3.066533266633316543e+02
3.071535767883941617e+02
3.076538269134567258e+02
3.081540770385192332e+02
3.086543271635817973e+02
3.091545772886443046e+02
3.096548274137068688e+02
3.101550775387693761e+02
3.106553276638319403e+02
3.111555777888943908e+02
3.116558279139569549e+02
3.121560780390194623e+02
3.126563281640820264e+02
3.131565782891445338e+02
3.136568284142070979e+02
3.141570785392696052e+02
3.146573286643321694e+02
3.151575787893946767e+02
3.156578289144572409e+02
3.161580790395197482e+02
3.166583291645823124e+02
3.171585792896448197e+02
3.176588294147073270e+02
3.181590795397698344e+02
3.186593296648323985e+02
3.191595797898949058e+02
3.196598299149574700e+02
3.201600800400199773e+02
3.206603301650825415e+02
3.211605802901450488e+02
3.216608304152076130e+02
3.221610805402701203e+02
3.226613306653326845e+02
3.231615807903951918e+02
3.236618309154577560e+02
3.241620810405202633e+02
3.246623311655827706e+02
3.251625812906452779e+02
3.256628314157078421e+02
3.261630815407703494e+02
3.266633316658329136e+02
3.271635817908954209e+02
3.276638319159579851e+02
3.281640820410204924e+02
3.286643321660830566e+02
3.291645822911455639e+02
3.296648324162081281e+02
3.301650825412706354e+02
3.306653326663331995e+02
3.311655827913957069e+02
3.316658329164582142e+02
3.321660830415207215e+02
3.326663331665832857e+02
3.331665832916457930e+02
3.336668334167083572e+02
3.341670835417708645e+02
3.346673336668334287e+02
3.351675837918959360e+02
3.356678339169585001e+02
3.361680840420210075e+02
3.366683341670835716e+02
3.371685842921460790e+02
3.376688344172086431e+02
3.381690845422710936e+02
3.386693346673336578e+02
3.391695847923961651e+02
3.396698349174587293e+02
3.401700850425212366e+02
3.406703351675838007e+02
3.411705852926463081e+02
3.416708354177088722e+02
3.421710855427713796e+02
3.426713356678339437e+02
3.431715857928964510e+02
3.436718359179590152e+02
3.441720860430215225e+02
3.446723361680840867e+02
3.451725862931465372e+02
3.456728364182091013e+02
3.461730865432716087e+02
3.466733366683341728e+02
3.471735867933966802e+02
3.476738369184591875e+02
3.481740870435217516e+02
3.486743371685842590e+02
3.491745872936468231e+02
3.496748374187093304e+02
3.501750875437718946e+02
3.506753376688344019e+02
3.511755877938969661e+02
3.516758379189594734e+02
3.521760880440219807e+02
3.526763381690844881e+02
3.531765882941470522e+02
3.536768384192095596e+02
3.541770885442721237e+02
3.546773386693346310e+02
3.551775887943971952e+02
3.556778389194597025e+02
3.561780890445222667e+02
3.566783391695847740e+02
3.571785892946473382e+02
3.576788394197098455e+02
3.581790895447724097e+02
3.586793396698348602e+02
3.591795897948974243e+02
3.596798399199599316e+02
3.601800900450224958e+02
3.606803401700850031e+02
3.611805902951475673e+02
3.616808404202100746e+02
3.621810905452726388e+02
3.626813406703351461e+02
3.631815907953977103e+02
3.636818409204602176e+02
3.641820910455227818e+02
3.646823411705852891e+02
3.651825912956478533e+02
3.656828414207103037e+02
3.661830915457728679e+02
3.666833416708353752e+02
3.671835917958979394e+02
3.676838419209604467e+02
3.681840920460230109e+02
3.686843421710855182e+02
3.691845922961480824e+02
3.696848424212105897e+02
3.701850925462731539e+02
3.706853426713356612e+02
3.711855927963982253e+02
3.716858429214607327e+02
3.721860930465232968e+02
3.726863431715857473e+02
3.731865932966483115e+02
3.736868434217108188e+02
3.741870935467733830e+02
3.746873436718358903e+02
3.751875937968984545e+02
3.756878439219609618e+02
3.761880940470235259e+02
3.766883441720860333e+02
3.771885942971485974e+02
3.776888444222111048e+02
3.781890945472736689e+02
3.786893446723361762e+02
3.791895947973986836e+02
3.796898449224611909e+02
3.801900950475237551e+02
3.806903451725862624e+02
3.811905952976488265e+02
3.816908454227113339e+02
3.821910955477738980e+02
3.826913456728364054e+02
3.831915957978989695e+02
3.836918459229614768e+02
3.841920960480240410e+02
3.846923461730865483e+02
3.851925962981491125e+02
3.856928464232116198e+02
3.861930965482741271e+02
3.866933466733366345e+02
3.871935967983991986e+02
3.876938469234617060e+02
3.881940970485242701e+02
3.886943471735867774e+02
3.891945972986493416e+02
3.896948474237118489e+02
3.901950975487744131e+02
3.906953476738369204e+02
3.911955977988994846e+02
3.916958479239619919e+02
3.921960980490244992e+02
3.926963481740870634e+02
3.931965982991495139e+02
3.936968484242120780e+02
3.941970985492745854e+02
3.946973486743371495e+02
3.951975987993996569e+02
3.956978489244622210e+02
3.961980990495247283e+02
3.966983491745872925e+02
3.971985992996497998e+02
3.976988494247123640e+02
3.981990995497748713e+02
3.986993496748374355e+02
3.991995997998999428e+02
3.996998499249624501e+02
4.002001000500249575e+02
4.007003501750875216e+02
4.012006003001500289e+02
4.017008504252125931e+02
4.022011005502751004e+02
4.027013506753376646e+02
4.032016008004001719e+02
4.037018509254627361e+02
4.042021010505252434e+02
4.047023511755878076e+02
4.052026013006503149e+02
4.057028514257128791e+02
4.062031015507753864e+02
4.067033516758378937e+02
4.072036018009004010e+02
4.077038519259629652e+02
4.082041020510254725e+02
4.087043521760880367e+02
4.092046023011505440e+02
4.097048524262131082e+02
4.102051025512756155e+02
4.107053526763381797e+02
4.112056028014006870e+02
4.117058529264632512e+02
4.122061030515257585e+02
4.127063531765883226e+02
4.132066033016508300e+02
4.137068534267133373e+02
4.142071035517758446e+02
4.147073536768384088e+02
4.152076038019009161e+02
4.157078539269634803e+02
4.162081040520259876e+02
4.167083541770885518e+02
4.172086043021510591e+02
4.177088544272136232e+02
4.182091045522761306e+02
4.187093546773386947e+02
4.192096048024012021e+02
4.197098549274637662e+02
4.202101050525262167e+02
4.207103551775887809e+02
4.212106053026512882e+02
4.217108554277138524e+02
4.222111055527763597e+02
4.227113556778389238e+02
4.232116058029014312e+02
4.237118559279639953e+02
4.242121060530265027e+02
4.247123561780890668e+02
4.252126063031515741e+02
4.257128564282141383e+02
4.262131065532766456e+02
4.267133566783392098e+02
4.272136068034016603e+02
4.277138569284642244e+02
4.282141070535267318e+02
4.287143571785892959e+02
4.292146073036518032e+02
4.297148574287143674e+02
4.302151075537768747e+02
4.307153576788394389e+02
4.312156078039019462e+02
4.317158579289645104e+02
4.322161080540270177e+02
4.327163581790895819e+02
4.332166083041520892e+02
4.337168584292145397e+02
4.342171085542771038e+02
4.347173586793396112e+02
4.352176088044021753e+02
4.357178589294646827e+02
4.362181090545272468e+02
4.367183591795897541e+02
4.372186093046523183e+02
4.377188594297148256e+02
4.382191095547773898e+02
4.387193596798398971e+02
4.392196098049024613e+02
4.397198599299649686e+02
4.402201100550275328e+02
4.407203601800899833e+02
4.412206103051525474e+02
4.417208604302150547e+02
4.422211105552776189e+02
4.427213606803401262e+02
4.432216108054026904e+02
4.437218609304651977e+02
4.442221110555277619e+02
4.447223611805902692e+02
4.452226113056528334e+02
4.457228614307153407e+02
4.462231115557779049e+02
4.467233616808404122e+02
4.472236118059029764e+02
4.477238619309654268e+02
4.482241120560279910e+02
4.487243621810904983e+02
4.492246123061530625e+02
4.497248624312155698e+02
4.502251125562781340e+02
4.507253626813406413e+02
4.512256128064032055e+02
4.517258629314657128e+02
4.522261130565282770e+02
4.527263631815907843e+02
4.532266133066533484e+02
4.537268634317158558e+02
4.542271135567783631e+02
4.547273636818408704e+02
4.552276138069034346e+02
4.557278639319659419e+02
4.562281140570285061e+02
4.567283641820910134e+02
4.572286143071535776e+02
4.577288644322160849e+02
4.582291145572786490e+02
4.587293646823411564e+02
4.592296148074037205e+02
4.597298649324662279e+02
4.602301150575287920e+02
4.607303651825912993e+02
4.612306153076538067e+02
4.617308654327163140e+02
4.622311155577788782e+02
4.627313656828413855e+02
4.632316158079039496e+02
4.637318659329664570e+02
4.642321160580290211e+02
4.647323661830915285e+02
4.652326163081540926e+02
4.657328664332165999e+02
4.662331165582791641e+02
4.667333666833416714e+02
4.672336168084042356e+02
4.677338669334667429e+02
4.682341170585292502e+02
4.687343671835917576e+02
4.692346173086543217e+02
4.697348674337168291e+02
4.702351175587793932e+02
4.707353676838419005e+02
4.712356178089044647e+02
4.717358679339669720e+02
4.722361180590295362e+02
4.727363681840920435e+02
4.732366183091546077e+02
4.737368684342171150e+02
4.742371185592796792e+02
4.747373686843421297e+02
4.752376188094046938e+02
4.757378689344672011e+02
4.762381190595297653e+02
4.767383691845922726e+02
4.772386193096548368e+02
4.777388694347173441e+02
4.782391195597798514e+02
4.787393696848424156e+02
4.792396198099049229e+02
4.797398699349674871e+02
4.802401200600299944e+02
4.807403701850925586e+02
4.812406203101550659e+02
4.817408704352175732e+02
4.822411205602800806e+02
4.827413706853426447e+02
4.832416208104051520e+02
4.837418709354677162e+02
4.842421210605302235e+02
4.847423711855927877e+02
4.852426213106552950e+02
4.857428714357178592e+02
4.862431215607803665e+02
4.867433716858429307e+02
4.872436218109054380e+02
4.877438719359680022e+02
4.882441220610305095e+02
4.887443721860930168e+02
4.892446223111555241e+02
4.897448724362180883e+02
4.902451225612805956e+02
4.907453726863431598e+02
4.912456228114056671e+02
4.917458729364682313e+02
4.922461230615307386e+02
4.927463731865933028e+02
4.932466233116558101e+02
4.937468734367183743e+02
4.942471235617808816e+02
4.947473736868434457e+02
4.952476238119058962e+02
4.957478739369684604e+02
4.962481240620309677e+02
4.967483741870935319e+02
4.972486243121560392e+02
4.977488744372186034e+02
4.982491245622811107e+02
4.987493746873436749e+02
4.992496248124061822e+02
4.997498749374687463e+02
5.002501250625312537e+02
5.007503751875938178e+02
5.012506253126563251e+02
5.017508754377188893e+02
5.022511255627813398e+02
5.027513756878439040e+02
5.032516258129064113e+02
5.037518759379689754e+02
5.042521260630314828e+02
5.047523761880940469e+02
5.052526263131565543e+02
5.057528764382191184e+02
5.062531265632816257e+02
5.067533766883441899e+02
5.072536268134066972e+02
5.077538769384692614e+02
5.082541270635317687e+02
5.087543771885943329e+02
5.092546273136567834e+02
5.097548774387193475e+02
5.102551275637818549e+02
5.107553776888444190e+02
5.112556278139069263e+02
5.117558779389694905e+02
5.122561280640320547e+02
5.127563781890945620e+02
5.132566283141570693e+02
5.137568784392195766e+02
5.142571285642821977e+02
5.147573786893447050e+02
5.152576288144072123e+02
5.157578789394697196e+02
5.162581290645322269e+02
5.167583791895947343e+02
5.172586293146573553e+02
5.177588794397198626e+02
5.182591295647823699e+02
5.187593796898448772e+02
5.192596298149074983e+02
5.197598799399700056e+02
5.202601300650325129e+02
5.207603801900950202e+02
5.212606303151576412e+02
5.217608804402201486e+02
5.222611305652826559e+02
5.227613806903451632e+02
5.232616308154076705e+02
5.237618809404701778e+02
5.242621310655326852e+02
5.247623811905953062e+02
5.252626313156578135e+02
5.257628814407204345e+02
5.262631315657828281e+02
5.267633816908453355e+02
5.272636318159078428e+02
5.277638819409704638e+02
5.282641320660329711e+02
5.287643821910954784e+02
5.292646323161579858e+02
5.297648824412206068e+02
5.302651325662831141e+02
5.307653826913456214e+02
5.312656328164081287e+02
5.317658829414707498e+02
5.322661330665332571e+02
5.327663831915957644e+02
5.332666333166582717e+02
5.337668834417208927e+02
5.342671335667834001e+02
5.347673836918459074e+02
5.352676338169084147e+02
5.357678839419710357e+02
5.362681340670335430e+02
5.367683841920960504e+02
5.372686343171585577e+02
5.377688844422211787e+02
5.382691345672836860e+02
5.387693846923461933e+02
5.392696348174087007e+02
5.397698849424712080e+02
5.402701350675337153e+02
5.407703851925962226e+02
5.412706353176587299e+02
5.417708854427213510e+02
5.422711355677838583e+02
5.427713856928463656e+02
5.432716358179088729e+02
5.437718859429714939e+02
5.442721360680340013e+02
5.447723861930965086e+02
5.452726363181590159e+02
5.457728864432216369e+02
5.462731365682841442e+02
5.467733866933466516e+02
5.472736368184091589e+02
5.477738869434717799e+02
5.482741370685342872e+02
5.487743871935967945e+02
5.492746373186593019e+02
5.497748874437219229e+02
5.502751375687844302e+02
5.507753876938469375e+02
5.512756378189094448e+02
5.517758879439720658e+02
5.522761380690345732e+02
5.527763881940970805e+02
5.532766383191594741e+02
5.537768884442220951e+02
5.542771385692846025e+02
5.547773886943471098e+02
5.552776388194096171e+02
5.557778889444722381e+02
5.562781390695347454e+02
5.567783891945972528e+02
5.572786393196597601e+02
5.577788894447223811e+02
5.582791395697848884e+02
5.587793896948473957e+02
5.592796398199099031e+02
5.597798899449725241e+02
5.602801400700350314e+02
5.607803901950975387e+02
5.612806403201600460e+02
5.617808904452226670e+02
5.622811405702851744e+02
5.627813906953476817e+02
5.632816408204101890e+02
5.637818909454728100e+02
5.642821410705353173e+02
5.647823911955978247e+02
5.652826413206603320e+02
5.657828914457229530e+02
5.662831415707854603e+02
5.667833916958479676e+02
5.672836418209103613e+02
5.677838919459728686e+02
5.682841420710354896e+02
5.687843921960979969e+02
5.692846423211605043e+02
5.697848924462230116e+02
5.702851425712856326e+02
5.707853926963481399e+02
5.712856428214106472e+02
5.717858929464731546e+02
5.722861430715357756e+02
5.727863931965982829e+02
5.732866433216607902e+02
5.737868934467232975e+02
5.742871435717859185e+02
5.747873936968484259e+02
5.752876438219109332e+02
5.757878939469734405e+02
5.762881440720360615e+02
5.767883941970985688e+02
5.772886443221610762e+02
5.777888944472235835e+02
5.782891445722862045e+02
5.787893946973487118e+02
5.792896448224112191e+02
5.797898949474737265e+02
5.802901450725363475e+02
5.807903951975987411e+02
5.812906453226612484e+02
5.817908954477237558e+02
5.822911455727863768e+02
5.827913956978488841e+02
5.832916458229113914e+02
5.837918959479738987e+02
5.842921460730365197e+02
5.847923961980990271e+02
5.852926463231615344e+02
5.857928964482240417e+02
5.862931465732866627e+02
5.867933966983491700e+02
5.872936468234116774e+02
5.877938969484741847e+02
5.882941470735368057e+02
5.887943971985993130e+02
5.892946473236618203e+02
5.897948974487243277e+02
5.902951475737869487e+02
5.907953976988494560e+02
5.912956478239119633e+02
5.917958979489744706e+02
5.922961480740370916e+02
5.927963981990995990e+02
5.932966483241621063e+02
5.937968984492246136e+02
5.942971485742871209e+02
5.947973986993496283e+02
5.952976488244121356e+02
5.957978989494746429e+02
5.962981490745372639e+02
5.967983991995997712e+02
5.972986493246622786e+02
5.977988994497247859e+02
5.982991495747874069e+02
5.987993996998499142e+02
5.992996498249124215e+02
5.997998999499749289e+02
6.003001500750375499e+02
6.008004002001000572e+02
6.013006503251625645e+02
6.018009004502250718e+02
6.023011505752876928e+02
6.028014007003502002e+02
6.033016508254127075e+02
6.038019009504752148e+02
6.043021510755378358e+02
6.048024012006003431e+02
6.053026513256628505e+02
6.058029014507253578e+02
6.063031515757879788e+02
6.068034017008504861e+02
6.073036518259129934e+02
6.078039019509755008e+02
6.083041520760378944e+02
6.088044022011005154e+02
6.093046523261630227e+02
6.098049024512255301e+02
6.103051525762880374e+02
6.108054027013506584e+02
6.113056528264131657e+02
6.118059029514756730e+02
6.123061530765381804e+02
6.128064032016008014e+02
6.133066533266633087e+02
6.138069034517258160e+02
6.143071535767883233e+02
6.148074037018509443e+02
6.153076538269134517e+02
6.158079039519759590e+02
6.163081540770384663e+02
6.168084042021010873e+02
6.173086543271635946e+02
6.178089044522261020e+02
6.183091545772886093e+02
6.188094047023512303e+02
6.193096548274137376e+02
6.198099049524762449e+02
6.203101550775387523e+02
6.208104052026013733e+02
6.213106553276638806e+02
6.218109054527262742e+02
6.223111555777887816e+02
6.228114057028514026e+02
6.233116558279139099e+02
6.238119059529764172e+02
6.243121560780389245e+02
6.248124062031015455e+02
6.253126563281640529e+02
6.258129064532265602e+02
6.263131565782890675e+02
6.268134067033516885e+02
6.273136568284141958e+02
6.278139069534767032e+02
6.283141570785392105e+02
6.288144072036018315e+02
6.293146573286643388e+02
6.298149074537268461e+02
6.303151575787893535e+02
6.308154077038519745e+02
6.313156578289144818e+02
6.318159079539769891e+02
6.323161580790394964e+02
6.328164082041021175e+02
6.333166583291646248e+02
6.338169084542271321e+02
6.343171585792896394e+02
6.348174087043522604e+02
6.353176588294146541e+02
6.358179089544771614e+02
6.363181590795396687e+02
6.368184092046022897e+02
6.373186593296647970e+02
6.378189094547273044e+02
6.383191595797898117e+02
6.388194097048524327e+02
6.393196598299149400e+02
6.398199099549774473e+02
6.403201600800399547e+02
6.408204102051025757e+02
6.413206603301650830e+02
6.418209104552275903e+02
6.423211605802900976e+02
6.428214107053527187e+02
6.433216608304152260e+02
6.438219109554777333e+02
6.443221610805402406e+02
6.448224112056028616e+02
6.453226613306653690e+02
6.458229114557278763e+02
6.463231615807903836e+02
6.468234117058530046e+02
6.473236618309155119e+02
6.478239119559780193e+02
6.483241620810405266e+02
6.488244122061031476e+02
6.493246623311655412e+02
6.498249124562280485e+02
6.503251625812905559e+02
6.508254127063530632e+02
6.513256628314156842e+02
6.518259129564781915e+02
6.523261630815406988e+02
6.528264132066032062e+02
6.533266633316658272e+02
6.538269134567283345e+02
6.543271635817908418e+02
6.548274137068533491e+02
6.553276638319159701e+02
6.558279139569784775e+02
6.563281640820409848e+02
6.568284142071034921e+02
6.573286643321661131e+02
6.578289144572286204e+02
6.583291645822911278e+02
6.588294147073536351e+02
6.593296648324162561e+02
6.598299149574787634e+02
6.603301650825412707e+02
6.608304152076037781e+02
6.613306653326663991e+02
6.618309154577289064e+02
6.623311655827914137e+02
6.628314157078538074e+02
6.633316658329164284e+02
6.638319159579789357e+02
6.643321660830414430e+02
6.648324162081039503e+02
6.653326663331665713e+02
6.658329164582290787e+02
6.663331665832915860e+02
6.668334167083540933e+02
6.673336668334167143e+02
6.678339169584792216e+02
6.683341670835417290e+02
6.688344172086042363e+02
6.693346673336668573e+02
6.698349174587293646e+02
6.703351675837918719e+02
6.708354177088543793e+02
6.713356678339170003e+02
6.718359179589795076e+02
6.723361680840420149e+02
6.728364182091045222e+02
6.733366683341671433e+02
6.738369184592296506e+02
6.743371685842921579e+02
6.748374187093546652e+02
6.753376688344172862e+02
6.758379189594797936e+02
6.763381690845421872e+02
6.768384192096046945e+02
6.773386693346673155e+02
6.778389194597298228e+02
6.783391695847923302e+02
6.788394197098548375e+02
6.793396698349174585e+02
6.798399199599799658e+02
6.803401700850424731e+02
6.808404202101049805e+02
6.813406703351676015e+02
6.818409204602301088e+02
6.823411705852926161e+02
6.828414207103551234e+02
6.833416708354177445e+02
6.838419209604802518e+02
6.843421710855427591e+02
6.848424212106052664e+02
6.853426713356678874e+02
6.858429214607303948e+02
6.863431715857929021e+02
6.868434217108554094e+02
6.873436718359180304e+02
6.878439219609805377e+02
6.883441720860430451e+02
6.888444222111055524e+02
6.893446723361681734e+02
6.898449224612305670e+02
6.903451725862930743e+02
6.908454227113555817e+02
6.913456728364182027e+02
6.918459229614807100e+02
6.923461730865432173e+02
6.928464232116057246e+02
6.933466733366683457e+02
6.938469234617308530e+02
6.943471735867933603e+02
6.948474237118558676e+02
6.953476738369183749e+02
6.958479239619809960e+02
6.963481740870435033e+02
6.968484242121060106e+02
6.973486743371685179e+02
6.978489244622311389e+02
6.983491745872936463e+02
6.988494247123561536e+02
6.993496748374186609e+02
6.998499249624812819e+02
7.003501750875437892e+02
7.008504252126062966e+02
7.013506753376688039e+02
7.018509254627314249e+02
7.023511755877939322e+02
7.028514257128564395e+02
7.033516758379189469e+02
7.038519259629814542e+02
7.043521760880439615e+02
7.048524262131064688e+02
7.053526763381689761e+02
7.058529264632315972e+02
7.063531765882941045e+02
7.068534267133566118e+02
7.073536768384191191e+02
7.078539269634817401e+02
7.083541770885442475e+02
7.088544272136067548e+02
7.093546773386692621e+02
7.098549274637318831e+02
7.103551775887943904e+02
7.108554277138568978e+02
7.113556778389194051e+02
7.118559279639820261e+02
7.123561780890445334e+02
7.128564282141070407e+02
7.133566783391695481e+02
7.138569284642321691e+02
7.143571785892946764e+02
7.148574287143571837e+02
7.153576788394196910e+02
7.158579289644823120e+02
7.163581790895448194e+02
7.168584292146073267e+02
7.173586793396697203e+02
7.178589294647323413e+02
7.183591795897948487e+02
7.188594297148573560e+02
7.193596798399198633e+02
7.198599299649824843e+02
7.203601800900449916e+02
7.208604302151074990e+02
7.213606803401700063e+02
7.218609304652326273e+02
7.223611805902951346e+02
7.228614307153576419e+02
7.233616808404201493e+02
7.238619309654827703e+02
7.243621810905452776e+02
7.248624312156077849e+02
7.253626813406702922e+02
7.258629314657329132e+02
7.263631815907954206e+02
7.268634317158579279e+02
7.273636818409204352e+02
7.278639319659830562e+02
7.283641820910455635e+02
7.288644322161080709e+02
7.293646823411705782e+02
7.298649324662331992e+02
7.303651825912957065e+02
7.308654327163581002e+02
7.313656828414206075e+02
7.318659329664832285e+02
7.323661830915457358e+02
7.328664332166082431e+02
7.333666833416707505e+02
7.338669334667333715e+02
7.343671835917958788e+02
7.348674337168583861e+02
7.353676838419208934e+02
7.358679339669835144e+02
7.363681840920460218e+02
7.368684342171085291e+02
7.373686843421710364e+02
7.378689344672336574e+02
7.383691845922961647e+02
7.388694347173586721e+02
7.393696848424211794e+02
7.398699349674836867e+02
7.403701850925463077e+02
7.408704352176088150e+02
7.413706853426713224e+02
7.418709354677338297e+02
7.423711855927964507e+02
7.428714357178589580e+02
7.433716858429214653e+02
7.438719359679839727e+02
7.443721860930465937e+02
7.448724362181089873e+02
7.453726863431714946e+02
7.458729364682340019e+02
7.463731865932966230e+02
7.468734367183591303e+02
7.473736868434216376e+02
7.478739369684841449e+02
7.483741870935467659e+02
7.488744372186092733e+02
7.493746873436717806e+02
7.498749374687342879e+02
7.503751875937969089e+02
7.508754377188594162e+02
7.513756878439219236e+02
7.518759379689844309e+02
7.523761880940470519e+02
7.528764382191095592e+02
7.533766883441720665e+02
7.538769384692345739e+02
7.543771885942971949e+02
7.548774387193597022e+02
7.553776888444222095e+02
7.558779389694847168e+02
7.563781890945473378e+02
7.568784392196098452e+02
7.573786893446723525e+02
7.578789394697348598e+02
7.583791895947973671e+02
7.588794397198598745e+02
7.593796898449223818e+02
7.598799399699848891e+02
7.603801900950475101e+02
7.608804402201100174e+02
7.613806903451725248e+02
7.618809404702350321e+02
7.623811905952976531e+02
7.628814407203601604e+02
7.633816908454226677e+02
7.638819409704851751e+02
7.643821910955477961e+02
7.648824412206103034e+02
7.653826913456728107e+02
7.658829414707353180e+02
7.663831915957979390e+02
7.668834417208604464e+02
7.673836918459229537e+02
7.678839419709854610e+02
7.683841920960480820e+02
7.688844422211105893e+02
7.693846923461730967e+02
7.698849424712356040e+02
7.703851925962982250e+02
7.708854427213607323e+02
7.713856928464232396e+02
7.718859429714856333e+02
7.723861930965482543e+02
7.728864432216107616e+02
7.733866933466732689e+02
7.738869434717357763e+02
7.743871935967983973e+02
7.748874437218609046e+02
7.753876938469234119e+02
7.758879439719859192e+02
7.763881940970485402e+02
7.768884442221110476e+02
7.773886943471735549e+02
7.778889444722360622e+02
7.783891945972986832e+02
7.788894447223611905e+02
7.793896948474236979e+02
7.798899449724862052e+02
7.803901950975488262e+02
7.808904452226113335e+02
7.813906953476738408e+02
7.818909454727363482e+02
7.823911955977989692e+02
7.828914457228614765e+02
7.833916958479239838e+02
7.838919459729864911e+02
7.843921960980489985e+02
7.848924462231116195e+02
7.853926963481741268e+02
7.858929464732365204e+02
7.863931965982990278e+02
7.868934467233616488e+02
7.873936968484241561e+02
7.878939469734866634e+02
7.883941970985491707e+02
7.888944472236117917e+02
7.893946973486742991e+02
7.898949474737368064e+02
7.903951975987993137e+02
7.908954477238619347e+02
7.913956978489244420e+02
7.918959479739869494e+02
7.923961980990494567e+02
7.928964482241120777e+02
7.933966983491745850e+02
7.938969484742370923e+02
7.943971985992995997e+02
7.948974487243622207e+02
7.953976988494247280e+02
7.958979489744872353e+02
7.963981990995497426e+02
7.968984492246123637e+02
7.973986993496748710e+02
7.978989494747373783e+02
7.983991995997998856e+02
7.988994497248625066e+02
7.993996998499249003e+02
7.998999499749874076e+02
8.004002001000499149e+02
8.009004502251125359e+02
8.014007003501750432e+02
8.019009504752375506e+02
8.024012006003000579e+02
8.029014507253626789e+02
8.034017008504251862e+02
8.039019509754876935e+02
8.044022011005502009e+02
8.049024512256128219e+02
8.054027013506753292e+02
8.059029514757378365e+02
8.064032016008003438e+02
8.069034517258629648e+02
8.074037018509254722e+02
8.079039519759879795e+02
8.084042021010504868e+02
8.089044522261131078e+02
8.094047023511756151e+02
8.099049524762381225e+02
8.104052026013006298e+02
8.109054527263632508e+02
8.114057028514257581e+02
8.119059529764882654e+02
8.124062031015507728e+02
8.129064532266132801e+02
8.134067033516757874e+02
8.139069534767382947e+02
8.144072036018008021e+02
8.149074537268634231e+02
8.154077038519259304e+02
8.159079539769884377e+02
8.164082041020509450e+02
8.169084542271135660e+02
8.174087043521760734e+02
8.179089544772385807e+02
8.184092046023010880e+02
8.189094547273637090e+02
8.194097048524262163e+02
8.199099549774887237e+02
8.204102051025512310e+02
8.209104552276138520e+02
8.214107053526763593e+02
8.219109554777388666e+02
8.224112056028013740e+02
8.229114557278639950e+02
8.234117058529265023e+02
8.239119559779890096e+02
8.244122061030515169e+02
8.249124562281141380e+02
8.254127063531766453e+02
8.259129564782391526e+02
8.264132066033016599e+02
8.269134567283640536e+02
8.274137068534266746e+02
8.279139569784891819e+02
8.284142071035516892e+02
8.289144572286141965e+02
8.294147073536768175e+02
8.299149574787393249e+02
8.304152076038018322e+02
8.309154577288643395e+02
8.314157078539269605e+02
8.319159579789894678e+02
8.324162081040519752e+02
8.329164582291144825e+02
8.334167083541771035e+02
8.339169584792396108e+02
8.344172086043021181e+02
8.349174587293646255e+02
8.354177088544272465e+02
8.359179589794897538e+02
8.364182091045522611e+02
8.369184592296147684e+02
8.374187093546773895e+02
8.379189594797398968e+02
8.384192096048024041e+02
8.389194597298649114e+02
8.394197098549275324e+02
8.399199599799900398e+02
8.404202101050524334e+02
8.409204602301149407e+02
8.414207103551775617e+02
8.419209604802400690e+02
8.424212106053025764e+02
8.429214607303650837e+02
8.434217108554277047e+02
8.439219609804902120e+02
8.444222111055527193e+02
8.449224612306152267e+02
8.454227113556778477e+02
8.459229614807403550e+02
8.464232116058028623e+02
8.469234617308653696e+02
8.474237118559279907e+02
8.479239619809904980e+02
8.484242121060530053e+02
8.489244622311155126e+02
8.494247123561781336e+02
8.499249624812406410e+02
8.504252126063031483e+02
8.509254627313656556e+02
8.514257128564282766e+02
8.519259629814907839e+02
8.524262131065532913e+02
8.529264632316157986e+02
8.534267133566784196e+02
8.539269634817408132e+02
8.544272136068033205e+02
8.549274637318658279e+02
8.554277138569284489e+02
8.559279639819909562e+02
8.564282141070534635e+02
8.569284642321159708e+02
8.574287143571785919e+02
8.579289644822410992e+02
8.584292146073036065e+02
8.589294647323661138e+02
8.594297148574287348e+02
8.599299649824912422e+02
8.604302151075537495e+02
8.609304652326162568e+02
8.614307153576788778e+02
8.619309654827413851e+02
8.624312156078038925e+02
8.629314657328663998e+02
8.634317158579290208e+02
8.639319659829915281e+02
8.644322161080540354e+02
8.649324662331165428e+02
8.654327163581791638e+02
8.659329664832416711e+02
8.664332166083041784e+02
8.669334667333666857e+02
8.674337168584290794e+02
8.679339669834917004e+02
8.684342171085542077e+02
8.689344672336167150e+02
8.694347173586792223e+02
8.699349674837418434e+02
8.704352176088043507e+02
8.709354677338668580e+02
8.714357178589293653e+02
8.719359679839919863e+02
8.724362181090544937e+02
8.729364682341170010e+02
8.734367183591795083e+02
8.739369684842421293e+02
8.744372186093046366e+02
8.749374687343671440e+02
8.754377188594296513e+02
8.759379689844922723e+02
8.764382191095547796e+02
8.769384692346172869e+02
8.774387193596797943e+02
8.779389694847424153e+02
8.784392196098049226e+02
8.789394697348674299e+02
8.794397198599299372e+02
8.799399699849925582e+02
8.804402201100550656e+02
8.809404702351175729e+02
8.814407203601799665e+02
8.819409704852425875e+02
8.824412206103050949e+02
8.829414707353676022e+02
8.834417208604301095e+02
8.839419709854927305e+02
8.844422211105552378e+02
8.849424712356177452e+02
8.854427213606802525e+02
8.859429714857428735e+02
8.864432216108053808e+02
8.869434717358678881e+02
8.874437218609303955e+02
8.879439719859930165e+02
8.884442221110555238e+02
8.889444722361180311e+02
8.894447223611805384e+02
8.899449724862431594e+02
8.904452226113056668e+02
8.909454727363681741e+02
8.914457228614306814e+02
8.919459729864933024e+02
8.924462231115558097e+02
8.929464732366183171e+02
8.934467233616808244e+02
8.939469734867434454e+02
8.944472236118059527e+02
8.949474737368683464e+02
8.954477238619308537e+02
8.959479739869934747e+02
8.964482241120559820e+02
8.969484742371184893e+02
8.974487243621809966e+02
8.979489744872436177e+02
8.984492246123061250e+02
8.989494747373686323e+02
8.994497248624311396e+02
8.999499749874937606e+02
9.004502251125562680e+02
9.009504752376187753e+02
9.014507253626812826e+02
9.019509754877439036e+02
9.024512256128064109e+02
9.029514757378689183e+02
9.034517258629314256e+02
9.039519759879940466e+02
9.044522261130565539e+02
9.049524762381190612e+02
9.054527263631815686e+02
9.059529764882441896e+02
9.064532266133066969e+02
9.069534767383692042e+02
9.074537268634317115e+02
9.079539769884943325e+02
9.084542271135567262e+02
9.089544772386192335e+02
9.094547273636817408e+02
9.099549774887443618e+02
9.104552276138068692e+02
9.109554777388693765e+02
9.114557278639318838e+02
9.119559779889943911e+02
9.124562281140570121e+02
9.129564782391195195e+02
9.134567283641820268e+02
9.139569784892445341e+02
9.144572286143071551e+02
9.149574787393696624e+02
9.154577288644321698e+02
9.159579789894946771e+02
9.164582291145572981e+02
9.169584792396198054e+02
9.174587293646823127e+02
9.179589794897448201e+02
9.184592296148074411e+02
9.189594797398699484e+02
9.194597298649324557e+02
9.199599799899949630e+02
9.204602301150575840e+02
9.209604802401200914e+02
9.214607303651825987e+02
9.219609804902451060e+02
9.224612306153076133e+02
9.229614807403701207e+02
9.234617308654326280e+02
9.239619809904951353e+02
9.244622311155577563e+02
9.249624812406202636e+02
9.254627313656827710e+02
9.259629814907452783e+02
9.264632316158078993e+02
9.269634817408704066e+02
9.274637318659329139e+02
9.279639819909954213e+02
9.284642321160580423e+02
9.289644822411205496e+02
9.294647323661830569e+02
9.299649824912455642e+02
9.304652326163081852e+02
9.309654827413706926e+02
9.314657328664331999e+02
9.319659829914957072e+02
9.324662331165583282e+02
9.329664832416208355e+02
9.334667333666833429e+02
9.339669834917458502e+02
9.344672336168084712e+02
9.349674837418709785e+02
9.354677338669334858e+02
9.359679839919958795e+02
9.364682341170585005e+02
9.369684842421210078e+02
9.374687343671835151e+02
9.379689844922460225e+02
9.384692346173086435e+02
9.389694847423711508e+02
9.394697348674336581e+02
9.399699849924961654e+02
9.404702351175587864e+02
9.409704852426212938e+02
9.414707353676838011e+02
9.419709854927463084e+02
9.424712356178089294e+02
9.429714857428714367e+02
9.434717358679339441e+02
9.439719859929964514e+02
9.444722361180590724e+02
9.449724862431215797e+02
9.454727363681840870e+02
9.459729864932465944e+02
9.464732366183092154e+02
9.469734867433717227e+02
9.474737368684342300e+02
9.479739869934967373e+02
9.484742371185593584e+02
9.489744872436218657e+02
9.494747373686842593e+02
9.499749874937467666e+02
9.504752376188093876e+02
9.509754877438718950e+02
9.514757378689344023e+02
9.519759879939969096e+02
9.524762381190595306e+02
9.529764882441220379e+02
9.534767383691845453e+02
9.539769884942470526e+02
9.544772386193096736e+02
9.549774887443721809e+02
9.554777388694346882e+02
9.559779889944971956e+02
9.564782391195597029e+02
9.569784892446223239e+02
9.574787393696848312e+02
9.579789894947473385e+02
9.584792396198098459e+02
9.589794897448724669e+02
9.594797398699349742e+02
9.599799899949974815e+02
9.604802401200599888e+02
9.609804902451226098e+02
9.614807403701851172e+02
9.619809904952476245e+02
9.624812406203101318e+02
9.629814907453727528e+02
9.634817408704351465e+02
9.639819909954976538e+02
9.644822411205601611e+02
9.649824912456227821e+02
9.654827413706852894e+02
9.659829914957477968e+02
9.664832416208103041e+02
9.669834917458729251e+02
9.674837418709354324e+02
9.679839919959979397e+02
9.684842421210604471e+02
9.689844922461230681e+02
9.694847423711855754e+02
9.699849924962480827e+02
9.704852426213105900e+02
9.709854927463732110e+02
9.714857428714357184e+02
9.719859929964982257e+02
9.724862431215607330e+02
9.729864932466233540e+02
9.734867433716858613e+02
9.739869934967483687e+02
9.744872436218108760e+02
9.749874937468734970e+02
9.754877438719360043e+02
9.759879939969985116e+02
9.764882441220610190e+02
9.769884942471235263e+02
9.774887443721860336e+02
9.779889944972485409e+02
9.784892446223110483e+02
9.789894947473736693e+02
9.794897448724361766e+02
9.799899949974986839e+02
9.804902451225611912e+02
9.809904952476238122e+02
9.814907453726863196e+02
9.819909954977488269e+02
9.824912456228113342e+02
9.829914957478739552e+02
9.834917458729364625e+02
9.839919959979989699e+02
9.844922461230614772e+02
9.849924962481240982e+02
9.854927463731866055e+02
9.859929964982491128e+02
9.864932466233116202e+02
9.869934967483742412e+02
9.874937468734367485e+02
9.879939969984992558e+02
9.884942471235617631e+02
9.889944972486243842e+02
9.894947473736868915e+02
9.899949974987493988e+02
9.904952476238117924e+02
9.909954977488744134e+02
9.914957478739369208e+02
9.919959979989994281e+02
9.924962481240619354e+02
9.929964982491245564e+02
9.934967483741870637e+02
9.939969984992495711e+02
9.944972486243120784e+02
9.949974987493746994e+02
9.954977488744372067e+02
9.959979989994997140e+02
9.964982491245622214e+02
9.969984992496248424e+02
9.974987493746873497e+02
9.979989994997498570e+02
9.984992496248123643e+02
9.989994997498749854e+02
9.994997498749374927e+02
1.000000000000000000e+03
